 

 

 

10 OSTEN BERGSTRAND‚

Ntr M. Ζ. Washington 2) 1 s Beobaehter
1 1

258ἶ 1901, Mai 141 13927261 ³ ]4”,81 [ 811111)
259 » 15 1 13 8,5 1 1458 »
260 » 15 19 QG 300,71 1
281 23 1 12 5112 94,07 1
262 » 23 1 12 50,5 1 13,92 i
283Ἰ » 28 12 15,8 8055 , ’
264 » 28 1 12 10,0 1 1430
265 ε111111 4; 12 0,5 35593 1
266 » 4 1 12 0,ss 13‚29 ,⁷
‘267³ 13 1 14 19‚0 300,1 1 Αιτκπκέ)
208 6 1 14 19,1 14,45 1 »
289 9 1 10 57,1 1434 J SEE¹)
270 9 1 10 57,4 1 35924 ’ »
271 10 1 11 52,5 1 1395
2721 10 1 11 520 14460
273 14 1 14 41,9 9,8 1 ΛιτκΕΝῗ)
274 14 1 14 42,2 1 14,20 1 »
2751 24 1 11 282 33527 811111)
2761 » 24 1 11 28,5 1 14,25 1 »
2771 21111 5 1 10 23,7 10429 1
278 > 5 1 10 23,7 1 14,οθ 1
279 1) 5 ζ 13 37‚3 1 14,11 ’ 1111111112)
2801 >> 5 1 13 37,4 Ἴ 1225) 1 »
281 » 9 10 4,0 1 13‚75 1 811111)
282 10 9 25,0 1 101, 1
283 » 10 9 252 ’ 14,47 ³ ,
284 » 14 12 41,5 ,¹ 3200 1 1 Amas-2)
285 14 T 12 41,5 2 1 14,29 »
2801 ⁷ » 15 8 547 , 8140 1 ³ 81:15¹)
287 » 15 3 8 548 1 1 13,91 1 »
2881 2> 21 1 8 52,7 1 13,87 ’
2891 21 3 8 528 1 21445 ’
2901 Aug. 2 1 8 48,1 1 126,84 ³ 1
2911 » 2 1 8 48,5 1 13,54 ,1
29121 7 1 8 47,9 13527 ¹
293 » 7 1 8 480 1 1 1362
294 » 8 1 8 40,5 207,47 1 1
295 » 8 3 8 41,5 13,84
290 17 1 8 21,0 1 1 13,90 1
297 18 , 8 23,0 26270
298 18 1 8 230 1 12,73 1
299 » 20 ¹ 8 145 17884 1
3001 » 20 J 8 14,5 l 13,21 s

 

 

 

¹) Astr. Nachr„ Bd 159, N:o 3806.

2) Lick Ohs. Rufi„ Vol. Ι, N:o 7.

 

 

 

