 

 

[713ssss Dm BAHN DEs¹ 1411181116τ [11111Ν1188Α11“Ε1,1,1’1ῈΝ, Amm. 13

1 ⁷

 

 

 

Nn· 1 8611. Μ. Ζ. Washiugtou 1 1¹ (her.) A* 3 (bor.) 1 Ap 1 Δ]ι” Ξ As

46 ¹ 1376, Febr. 13 ’ 71157ΙΙΙ ¹ 15'',‹)() 1 1 4 0“,1)

47 u 13 } 3 27 ³0 3 ³⁰‚5 0⁰,65 1

48 Min-z 3 ¹ - 59 171 ³ 4 05 012 Τ

49 » 3 8 48 1312 1 ff 0:21

50 4 3 9 116 4 08 021 ¹

51 4· 9 c 56 130 , 4 03 4 008 1 ,

52 » 9 7 6 1 1445 J 4 004

53 »» 13 5 47 1859 1 4 34 ¹ 4 089 , ,

54 »» 13 6 4 ³ 1496 , 4 0151

55 14 6 21 >3 ³ 1 j 4 02 1 4 005 1

56 14 , 6 49 13,85 5 1 , 4 013 1

57 22 1 6 27 3408 1 1 4 2,2 , 4 051 ¹

58 22 1 6 43 1 12,84 1 1 4 034 1

59 23 5 50 191,3 2 1 4 1,5 « 4 039

60 2 „ 23 1 1 1 1 1488 1 1 4 004 1
1 ζ 1 1 1

61 1877, Apr. 5 , 6 40 1935 i 4 5,3 1 4 1,49 ’

62 1878, Dee. 25 “ 7 25 33 4109 1 4 2,65 1

63 1879, Aps, 6 6 57 1906 4 08 ¹ 4 255 ¹

64 6 , 7 13 1 1487 , 1 4 031 ;

1 1 1

65 1880 11111220 1 8 7 12,9 1 1 4 02 ’ 4 005 ,

66 = 201 8 47 1 15,02 1 4 013

67 ,³ „ 20 1 9 5 , 11,9 1 4 1,3 4 034 ’

68 ¹ Aps. 3 1 6 54 3 191,5 ; - 3,1 4 079 1

69 8 1 7 15 1470 1 ¹ - 082

70 1 » 27 1 6 40 89 4 04 1 009

71 1881, Aps. 16 ’ 5 43 194,1 1 1 4 1,4 3 4 037 ¹

72 16 5 51 14,94 1 3 1 4 060

73 11151 25 6 1 14,8 = 4 04 ⁴ 4 010 1

74 = 2 25 6 7 1 14,50 j 3 1 4 005

75 1884, Mem 17 3 400 1 1386 , ¹ 4 008

76 »» 17 3 54,2 191,1 1 4 3,9 1 4 095

77 21 1 4 205 1 1506 4 1,32

78 Apr. 23 1 1 13,1 1 13,76 1 4 1,11

79 > 23 ἶ 1 206 ’ 108 4 1,7 4 040 ,

80 » 25 3 53,8 1 1062 , 4 047

81 »1 25 4 7,7 101 · 4 1,1 4 025

82 1 28 1 375 14,05 , 4 003

83 1 »4 28 1 506 101 4 1,8 ¹ 4 044

84 1 Mai 23 1 54,0 14,69 4 020

85 3 23 2 08 14‚3 1 4 09 4 023

86 j 28 2 31,2 14,55 1 4 077 ¹

87 ’ 28 2 42,9 14,5 , 1 -- 1,3 4 033

88 1 1887, Aps. 19 1 47 14,69 4 034 1

89 1 Mai 17 1 1 18 14,20 1 4 039 3

 

 

 

