[1³5ss DII-1 mux lffls Ens'rssx IVRANINSA'I‘ELLI'FEN. Anum.

 

 

Νη· Μ. Ζ. Ἁ”;1.<11111;;11111
’ 1281894, 11111 2 ’ 12111311138
1291 2 12 1911
J 131) 12 2311
1 131 1 1895, Mam 31 17 434
’132 31 17 5‹›,1
¹ 133 31 17 514
131’ Apr. 8 18 1(,).45
135 8 18 17,1 ¹
1136 s 18 20„Q
1137’ 29 15 239
138 29 15 31111
ζ 139 ³ 29 15 337
, 149 Mai 5 15 411,
{141¹ 5 15 592
11421 5 15 515
,1431 6 15 9.,-1
1144 6 ¹ 15 1611
1145 0 15 19,1
ἱ146ὶ 12 14 2811
11471 12 14 332
’1481 12 14 365
1149ζ 19 13 3711
'150' 19 ’ 13 43,1
’ 151 ’ 19 13 463
1:32 Juni 2 1²2 ⁸25,ss
153 2 12 31,3 1
3154* 2 , 12 34,8
:155 3 13 52,2
1561 3 13 582
,51571 3 14 1,6
1581 3ο 12 26,6
159 3ο 12 311 ’
ἱ160 1 30 } 12 438
’161 11111 15 ’ 12 16,1
,162 15 12 2511 ’
11631 151 12 29,5
1641 21 , 12 10,ss
1651 21 ’ 12 18,9
’166 21 12 221)
11671897, Aps. 10 16 7,3
11684 x· 10 , 16 24,3 ,
1169 10 16 42,3
11791 12 16 453 1
1171, 12 16 591) 1
Ι172Ῑ 12 17 7,2

I)

0⁰1

318ss

900

22:3‚4

1424

3387

132,8

15,ss

358.7

136,4

358‚45

3305]ss
287,65

28973

¹) Astr. Journal, Vol. XVI, Nzo 10.
2) Astr. Journal, Vol. XVIII, Nzo 1.

 

1
1

 

110111111011101·

13.111.κ·.11>.1111

Ssznfflfflamz ²)

