14 OSTEN BERGSTRAND‚

 

 

Na· Red. M. Z. Washington p (her.) s (ber.) Ap Aff As
¹¹ 90 1887, Mai 17 lhslssm 24⁰,23 - 10,Ο › 1 Ο”,24

91 » 18 1 13 ¹ 14¹¹,3S - 0‘',17

92 » 18 ¹ 2 9 19Ο,52 1 0,3 1 1 Ο,08

93 22 1 3 , 14,61 - 0,23

94 22 1 43 ¹ 2332 - 0,8 1 - 0,20

95 23 1 51 , 14,18 ¹ ¹ - 0,02

96 23 2 12 18822 1 1 2,6 ‘ 1 0,65

97 >> 27 ’ 1 59 ¹ 1 14,56 ¹ ’ — O‚4·2
¹ 98 27 2 11 ¹ 21,75 - 0,3 -1 0,0ss

99 Juni 11 1 46 ’ 14,Τὸ — 0,ἳὸ
’ 100 11 1 53 ¹ 13,27 1 1 0,6 1 0,1ss

101 » 15 1 9 13,77 ¹ - 0,03
1 102 15 1 23 1 20655 1 1,2 1 1 ο,29

103 1 1894, Apr. 16 14 12,3 ’ 199,4 1 0,4 1 0,10

 

 

1 104 16 14 19,2 , 1 1491 ¹ — 0‚05
105 » 16 14 243 1 14,90 ¹¹ - 1‚25
1 106 23 12 46,8 1 105,0 1 1 2,6 1 1 0,57

107 23 14 3,3 113,8 ’ 1 2,6 1 0,59

1015,Ι » 23 14 9,9 , 1231 ¹ ‘ 1 0,37
109 ι, 23 14 12,7 ¹ 1 12,82 1 1 0,18
¹ 110 29 12 51,2 1 235,7 ³ 1 1,4 ” 1 0,32

111 29 Ἰ 12 57,0 ¹ 1 1329 1 1 0,0ss
112 29 13 0‚3 ¹ 13,27 1 - 0,23
113 30 1 12 206 ’ 17,7 1 1 1 1,9 ’ 1 0,49

114 30 12 30,5 1 14,79 - 0,3ss
, 115 30 = 12 33,5 ζ 1 14,78 1 — 0,08
116 Mai 6 12 39,6 ¹ 163,0 1 2,3 1 0,59

117 ’ 6 12 44,1 ¹ 14,62 — 0,24
118 1 6 12 47,6 1 1 14,63 1 - 0,62
119 ¹ 7 12 22,0 ¹ 3041 1 3,6 j ÷ 0‚81

120 » 7 12 27,6 1 1 1291 1 1 0,14
121 7 12 303 12,92 ¹ 1 029
122 Juni 18 11 2‚5 1 174,3 1 1 1,9 “ ÷ 0,49

123 18 11 12,1 ¹ ¹ 14‚61; 1 1 0,03
124 » 18 11 15,5 1 ¹ 14,68 1 0,15
1 125 Jun 1 9 24,0 213,9 1 1,4 1 0,34

126 » 1 9 42,2 13,76 - 0,13
’ 127 1 9 46,0 1373 - 0,42 ’
128 , 2 9 43,7 4,1 1 2,0 1 0,51
¹ 129 2 9 49,5 14,60 - 0,01
¹ 130 2 9 53,5 , 14,60 1 1 0‚19
131 1 1895, Min—2 31 15 15‚0 , 5,6 1 3,8 1 0,98

132 31 15 21,7 , 1435 ¹ - 0,31
133 » 31 15 26,0 ’ 1 14,75 ’ -- 0,15
, 134 Apr. 8 15 428· ¹ 69,8 ¹ 1 2,5 1 0,58

135 3 15 49,3 13,27 1 0,59
136 3 15 53,0 ¹ ¹ 13,27 1 0,07

 

 

 

 

 

137 29 12 57,2 ¹ 175,6 1 1,8 1 0,47

 

