12 K. .·XN‹}STR‹''›M„' ENERGOE 11ΑΧ3 LE 3111011111 1131131111.

131 311331 9119111119 (11» 11919111111191 13 constante 1111111113 13111111Δ
3 11193111193991119 311111911199 1131· 1111 9111113111 919911111119 (19 ⁰:253 311111..
sai t1¹‹›11v‹'=‹f (⁴ z 724 911 1119113111 (ι’, Ξ0111130 9111111119 113113 99 (1111 1119-
99119. 1193 9111111193 911119311011033193 L1 91 J¹ 311111 31133119111939111993 3111·
13 Pl. 11 avec 193 13191113 0113911993 99 (1111 1191111191 (19 9013113191 193
13191113 0113911993 91 193 vah-urs 9319111993.

113 191111’11”1’31111·1’>. 113113 19 (19111191 933, 1“’11119311011(1 3 20000.

Nos 199119191193 1111111119111 1111119 11119 13 1111 119 Wicn 191119391119
tres 111911 13 1113111111111011 (19 101191ςί9 113113 11· 31199119 111111111911Χ (1913
13111119, 11911191 91 119 13 13111111Ι 3 1119311111·31“·91191·.

Α111·1’·3; avoir 311131 111’·191·1111111ἰ 911 1119311193 3113111119319 13)*011119-
1119111 ot 193 901131311193 113113 13 1011111119 119 ΧΥ1911 110111 1313111119 11911191.
11 931 139119 (11· 111119111111191· 111111111111911’1(111911191111111191819 (111 113)’(1111191119111
111, 33 distribution 113113 11λ 31199119 11311119 11’11119 301119913)*0111131119 111191-
9111111111» 3199 11119 exactitude 311111331119 1111111 diverses questions, 11
suffit 110111· 9913 119 911111113191· 13 31111199 119 1111111919 911 (1119311011 91, 13
13111119 11911191 1111111 11119 1191131119 1131119 1111 31199119 λ1 ἡ ‘32- La 91111-
311119111111 11131111111119 113 90111119 L. Pl. 111 1191-11191 (1911011191-3119913911119
l'e'nergiae 113113 99119 1131119 1111 31199119 1131· 13111119191199 9111119193 0111011-
11993 90119311(1110311193.

11 931 91311· 11119 193 11193911193 199119191193 30111 (1’11119 11311119
1119111111113119. 11 931 1131 9Χ91111119 1311119111 (1119 193 1111111193 (1111 113113 11·
31199119 11311119 119 13 13111119 11911191 39 31111911103911133113 (101119 311-(1933113
1111 31199119 (1011111111ἦ 1’11·11(111139111 1193 993113, 31 1191113 (111’113 3019111, (19
13 101 119 1·3)’0111191119111 11’1111 901113 111111. 19311919 11011113111 (1119 993 193111-
1313 3910111 (1”11119 9111131119 111111111131199 110111 19111119 (193 30111993 (19 111-
1111919 1311119, (19 991131113 111191111111111193 119 11111111113991199 (19 11191119 (1119
1111111 13, physiologie 111111(1119.

 

 

 

 

 

 

