 

 

 

 

 

12 OSTEN BERGSTRAND‚
Nzr Red. M. Z. Washington p (her.) 1 s (ber.) Ap Aff' As
1 1852, Oct. 15 21116ΥΠ ff 12”,05 E 1 4 2”,05
2 18 3 46 213035 , 1 4 3035 4 0”,73 1
3 30 1 40 32547 1 4 5,2 4 1,20 ³
4 1 Nov. 4 2 3 1 32860 ² 4 3,0 4 0,70
5 1 4 2 37 1 13,18 2 - 1,15
6 ¹ x> 6 1 42 3135 1 1 4 1,45 4 0,32 =
7 » 10 ‚ 1 39 185‚10 1 1 4 3,6 4 0187
8 » 15 ¹ 1 16 ¹ 190,73 4 0,2 4 0,05 1
9 20 = 1 26 1 19540 ’ 4 1,8 4 0,42 1
10 Dec. 9 0 23 8113 1 4 4,2 4 0,99 1
11 » 9 1 8 ’ 13,65 1 4 0,01
12 ¹ » 13 0 28 1 16377 1 4 112 4 0,29 1
13 13 0 41 1 13,73 ¹ , 4 0,55
14 1853, Jan. 6 22 8 3 12,72 = ³ 4 ο,86
15 » 10 s 22 15 35165 1 4 3,6 4 0,85
16 1863, Dee⁴ 14 ¹ 3 3,9 86,27 1 1 4 0,52 4 0,13 1
17 1864176151. 27 0 4116 1 18615 1 1 4 039 1 4 0,09 ¹
18 Mam 2 0 21,6 , 33673 1 , 4 3,43 1 4 0,84 1
19 1 x 6 ¹ 23 39,7 34670 4 0,08 4 0,02 1
20 ¹ 7 1 0 29,9 1 341,51 4 1,64 4 039 1
21 9 1 23 13,6 1 281,47 ⁴, 4 0127 4 0,07 1
1

22 1 1873, Jan. 16 5 52 19819 1 4 1,3 4 0,32
23 1 » 16 ij 5 58 ¹ 1438 4 1,00

1 ,
24 1874, dan. 14 1 9 41 1 1494 ’ 4 0,04
25 14 9 52 = 178,9 , 2,8 4 0,73
26 28 1 8 25 14,46 1 -- 0‚11
27 1 28 8 41 350,6 ’ 4 0,5 4 0,12 ’1
28 1 Febr. 21 6 48 1449 0,00
29 j Marz 14 ᾖ 7 14 1298 1 4 0,08
30 3 x 14 7 26 29,4 ¹ 1 4 1‚3 4 0,30
31 24 , 7 50 1 12,17 4 0,27
32 24 1 7 57 36,7 1 j 4 2,2 4 0,47

1 1

33 ¹ 1875, Febr. 1 ’ 7 49 195,0 1 1 4 1,6 4 0,28
34 Marz 22 6 19 1 1201 , 4 0,36
35 » 22 6 19 355 ’ 3 4 1,2 4 0,25
36 22 6 42 33,6 1 ¹ 4 2,2 4 0,47
37 25 7 14 1 13,61 1 4 0,22
38 25 1 7 14 349,2 1 1 4 0,3 4 0,07
39 Aps. 14 ³ 5 51 14158 1 4 0,06
40 » 14 6 3 8,8 z 1 4 0,6 4 0,15
41 1876, san. 31 8 22 28,8 1 1 4 0,2 4 0,04
42 31 8 42 ; 1286 4 - 0,54
43 Febr. 17 7 44 162,9 ¹ = 4 0,2 4 0,04
44 » 17 8 15 1 11,34 1 4 0,70
45 18 3 7 43 4,6 1 1 4 2,1 4 0,55

 

 

 

 

 

